{
 "cells": [
  {
   "cell_type": "code",
   "execution_count": 55,
   "metadata": {},
   "outputs": [],
   "source": [
    "import numpy as np\n",
    "import sys\n",
    "import pandas as pd\n",
    "import seaborn as sns\n",
    "import itertools\n",
    "from scipy import linalg\n",
    "import matplotlib.pyplot as plt\n",
    "import matplotlib.patheffects as PathEffects\n",
    "from matplotlib.patches import Ellipse\n",
    "from sklearn.preprocessing import MinMaxScaler\n",
    "from sklearn.mixture import GaussianMixture\n",
    "from sklearn.manifold import TSNE"
   ]
  },
  {
   "cell_type": "code",
   "execution_count": 56,
   "metadata": {},
   "outputs": [
    {
     "data": {
      "text/html": [
       "<div>\n",
       "<style scoped>\n",
       "    .dataframe tbody tr th:only-of-type {\n",
       "        vertical-align: middle;\n",
       "    }\n",
       "\n",
       "    .dataframe tbody tr th {\n",
       "        vertical-align: top;\n",
       "    }\n",
       "\n",
       "    .dataframe thead th {\n",
       "        text-align: right;\n",
       "    }\n",
       "</style>\n",
       "<table border=\"1\" class=\"dataframe\">\n",
       "  <thead>\n",
       "    <tr style=\"text-align: right;\">\n",
       "      <th></th>\n",
       "      <th>Pregnancies</th>\n",
       "      <th>Glucose</th>\n",
       "      <th>BloodPressure</th>\n",
       "      <th>SkinThickness</th>\n",
       "      <th>Insulin</th>\n",
       "      <th>BMI</th>\n",
       "      <th>DiabetesPedigreeFunction</th>\n",
       "      <th>Age</th>\n",
       "      <th>Outcome</th>\n",
       "    </tr>\n",
       "  </thead>\n",
       "  <tbody>\n",
       "    <tr>\n",
       "      <th>0</th>\n",
       "      <td>6</td>\n",
       "      <td>148</td>\n",
       "      <td>72</td>\n",
       "      <td>35</td>\n",
       "      <td>0</td>\n",
       "      <td>33.6</td>\n",
       "      <td>0.627</td>\n",
       "      <td>50</td>\n",
       "      <td>1</td>\n",
       "    </tr>\n",
       "    <tr>\n",
       "      <th>1</th>\n",
       "      <td>1</td>\n",
       "      <td>85</td>\n",
       "      <td>66</td>\n",
       "      <td>29</td>\n",
       "      <td>0</td>\n",
       "      <td>26.6</td>\n",
       "      <td>0.351</td>\n",
       "      <td>31</td>\n",
       "      <td>0</td>\n",
       "    </tr>\n",
       "    <tr>\n",
       "      <th>2</th>\n",
       "      <td>8</td>\n",
       "      <td>183</td>\n",
       "      <td>64</td>\n",
       "      <td>0</td>\n",
       "      <td>0</td>\n",
       "      <td>23.3</td>\n",
       "      <td>0.672</td>\n",
       "      <td>32</td>\n",
       "      <td>1</td>\n",
       "    </tr>\n",
       "    <tr>\n",
       "      <th>3</th>\n",
       "      <td>1</td>\n",
       "      <td>89</td>\n",
       "      <td>66</td>\n",
       "      <td>23</td>\n",
       "      <td>94</td>\n",
       "      <td>28.1</td>\n",
       "      <td>0.167</td>\n",
       "      <td>21</td>\n",
       "      <td>0</td>\n",
       "    </tr>\n",
       "    <tr>\n",
       "      <th>4</th>\n",
       "      <td>0</td>\n",
       "      <td>137</td>\n",
       "      <td>40</td>\n",
       "      <td>35</td>\n",
       "      <td>168</td>\n",
       "      <td>43.1</td>\n",
       "      <td>2.288</td>\n",
       "      <td>33</td>\n",
       "      <td>1</td>\n",
       "    </tr>\n",
       "    <tr>\n",
       "      <th>5</th>\n",
       "      <td>5</td>\n",
       "      <td>116</td>\n",
       "      <td>74</td>\n",
       "      <td>0</td>\n",
       "      <td>0</td>\n",
       "      <td>25.6</td>\n",
       "      <td>0.201</td>\n",
       "      <td>30</td>\n",
       "      <td>0</td>\n",
       "    </tr>\n",
       "    <tr>\n",
       "      <th>6</th>\n",
       "      <td>3</td>\n",
       "      <td>78</td>\n",
       "      <td>50</td>\n",
       "      <td>32</td>\n",
       "      <td>88</td>\n",
       "      <td>31.0</td>\n",
       "      <td>0.248</td>\n",
       "      <td>26</td>\n",
       "      <td>1</td>\n",
       "    </tr>\n",
       "    <tr>\n",
       "      <th>7</th>\n",
       "      <td>10</td>\n",
       "      <td>115</td>\n",
       "      <td>0</td>\n",
       "      <td>0</td>\n",
       "      <td>0</td>\n",
       "      <td>35.3</td>\n",
       "      <td>0.134</td>\n",
       "      <td>29</td>\n",
       "      <td>0</td>\n",
       "    </tr>\n",
       "    <tr>\n",
       "      <th>8</th>\n",
       "      <td>2</td>\n",
       "      <td>197</td>\n",
       "      <td>70</td>\n",
       "      <td>45</td>\n",
       "      <td>543</td>\n",
       "      <td>30.5</td>\n",
       "      <td>0.158</td>\n",
       "      <td>53</td>\n",
       "      <td>1</td>\n",
       "    </tr>\n",
       "    <tr>\n",
       "      <th>9</th>\n",
       "      <td>8</td>\n",
       "      <td>125</td>\n",
       "      <td>96</td>\n",
       "      <td>0</td>\n",
       "      <td>0</td>\n",
       "      <td>0.0</td>\n",
       "      <td>0.232</td>\n",
       "      <td>54</td>\n",
       "      <td>1</td>\n",
       "    </tr>\n",
       "  </tbody>\n",
       "</table>\n",
       "</div>"
      ],
      "text/plain": [
       "   Pregnancies  Glucose  BloodPressure  SkinThickness  Insulin   BMI  \\\n",
       "0            6      148             72             35        0  33.6   \n",
       "1            1       85             66             29        0  26.6   \n",
       "2            8      183             64              0        0  23.3   \n",
       "3            1       89             66             23       94  28.1   \n",
       "4            0      137             40             35      168  43.1   \n",
       "5            5      116             74              0        0  25.6   \n",
       "6            3       78             50             32       88  31.0   \n",
       "7           10      115              0              0        0  35.3   \n",
       "8            2      197             70             45      543  30.5   \n",
       "9            8      125             96              0        0   0.0   \n",
       "\n",
       "   DiabetesPedigreeFunction  Age  Outcome  \n",
       "0                     0.627   50        1  \n",
       "1                     0.351   31        0  \n",
       "2                     0.672   32        1  \n",
       "3                     0.167   21        0  \n",
       "4                     2.288   33        1  \n",
       "5                     0.201   30        0  \n",
       "6                     0.248   26        1  \n",
       "7                     0.134   29        0  \n",
       "8                     0.158   53        1  \n",
       "9                     0.232   54        1  "
      ]
     },
     "execution_count": 56,
     "metadata": {},
     "output_type": "execute_result"
    }
   ],
   "source": [
    "url = True\n",
    "if url:\n",
    "    data = pd.read_csv(\"https://raw.githubusercontent.com/ndViet27/KPDL_Nhom3_Clustering1/refs/heads/main/diabetes.csv\")\n",
    "else:\n",
    "    data = pd.read_csv(\"diabetes.csv\")\n",
    "data.head(10)"
   ]
  },
  {
   "cell_type": "code",
   "execution_count": 57,
   "metadata": {},
   "outputs": [
    {
     "name": "stdout",
     "output_type": "stream",
     "text": [
      "[[  6.    148.     72.    ...  33.6     0.627  50.   ]\n",
      " [  1.     85.     66.    ...  26.6     0.351  31.   ]\n",
      " [  8.    183.     64.    ...  23.3     0.672  32.   ]\n",
      " ...\n",
      " [  5.    121.     72.    ...  26.2     0.245  30.   ]\n",
      " [  1.    126.     60.    ...  30.1     0.349  47.   ]\n",
      " [  1.     93.     70.    ...  30.4     0.315  23.   ]]\n",
      "[[0.35294118 0.74371859 0.59016393 0.35353535 0.         0.50074516\n",
      "  0.23441503 0.48333333]\n",
      " [0.05882353 0.42713568 0.54098361 0.29292929 0.         0.39642325\n",
      "  0.11656704 0.16666667]\n",
      " [0.47058824 0.91959799 0.52459016 0.         0.         0.34724292\n",
      "  0.25362938 0.18333333]\n",
      " [0.05882353 0.44723618 0.54098361 0.23232323 0.11111111 0.41877794\n",
      "  0.03800171 0.        ]\n",
      " [0.         0.68844221 0.32786885 0.35353535 0.19858156 0.64232489\n",
      "  0.94363792 0.2       ]\n",
      " [0.29411765 0.58291457 0.60655738 0.         0.         0.38152012\n",
      "  0.05251921 0.15      ]\n",
      " [0.17647059 0.3919598  0.40983607 0.32323232 0.10401891 0.46199702\n",
      "  0.07258753 0.08333333]\n",
      " [0.58823529 0.57788945 0.         0.         0.         0.52608048\n",
      "  0.02391119 0.13333333]\n",
      " [0.11764706 0.98994975 0.57377049 0.45454545 0.64184397 0.45454545\n",
      "  0.03415884 0.53333333]\n",
      " [0.47058824 0.6281407  0.78688525 0.         0.         0.\n",
      "  0.06575576 0.55      ]]\n"
     ]
    }
   ],
   "source": [
    "X = data.iloc[:, 0:8].values\n",
    "print(X)\n",
    "# Chuẩn hoá dữ liệu\n",
    "std = MinMaxScaler()\n",
    "X_std = std.fit_transform(X)\n",
    "print(X_std[:10])"
   ]
  },
  {
   "cell_type": "code",
   "execution_count": 58,
   "metadata": {},
   "outputs": [
    {
     "name": "stdout",
     "output_type": "stream",
     "text": [
      "means: \n",
      " [[8.53385931e-02 5.22295779e-01 5.46071768e-01 2.62847797e-01\n",
      "  1.15001611e-01 4.63166842e-01 1.42970237e-01 4.55205289e-02]\n",
      " [5.65318162e-02 5.98698612e-01 5.82305058e-01 3.40584059e-01\n",
      "  1.93271427e-01 5.43709613e-01 3.65061815e-01 9.83121013e-02]\n",
      " [2.47564212e-01 5.66978415e-01 6.05981401e-01 2.93785592e-01\n",
      "  1.05267286e-72 4.84383189e-01 1.49366928e-01 2.12479018e-01]\n",
      " [2.84471699e-01 6.24539825e-01 6.11815420e-01 0.00000000e+00\n",
      "  0.00000000e+00 4.60718968e-01 1.37174172e-01 2.92914484e-01]\n",
      " [4.08828378e-01 7.59224190e-01 6.40286091e-01 3.41417862e-01\n",
      "  3.32403982e-01 5.11793776e-01 2.04169646e-01 5.19531649e-01]\n",
      " [1.67579391e-01 8.13532674e-01 5.99846832e-01 3.44838846e-01\n",
      "  3.91685458e-01 5.41279590e-01 2.17200316e-01 1.07031711e-01]\n",
      " [2.16263055e-01 5.91782478e-01 0.00000000e+00 1.57456747e-02\n",
      "  0.00000000e+00 3.85771864e-01 1.26977873e-01 1.41666626e-01]\n",
      " [3.88001839e-01 6.13318936e-01 5.92687768e-01 3.07531125e-01\n",
      "  1.42631066e-01 4.83334496e-01 1.96581374e-01 2.76803146e-01]\n",
      " [1.39926535e-01 7.32397209e-01 6.17838572e-01 2.18790162e-01\n",
      "  1.70643920e-01 4.68557127e-01 1.27498891e-01 2.39502406e-01]]\n",
      "covariances: \n",
      "  [[[ 4.15747323e-03 -6.72395856e-04 -5.13244373e-04 -7.90876642e-04\n",
      "   -5.36158387e-04 -9.48406796e-04 -5.34773337e-04  7.69152312e-04]\n",
      "  [-6.72395856e-04  1.05200242e-02  3.95566989e-04  1.82700813e-03\n",
      "    3.83646058e-03  1.49487445e-03  5.34298553e-04  6.57210911e-04]\n",
      "  [-5.13244373e-04  3.95566989e-04  8.31751349e-03  1.56478552e-03\n",
      "    5.03539381e-04  1.91542748e-03 -1.45446650e-03  4.21228986e-04]\n",
      "  [-7.90876642e-04  1.82700813e-03  1.56478552e-03  1.05083293e-02\n",
      "    2.04737194e-03  6.95557111e-03  5.77961643e-05  6.41941634e-04]\n",
      "  [-5.36158387e-04  3.83646058e-03  5.03539381e-04  2.04737194e-03\n",
      "    3.78705104e-03  2.01565999e-03  4.45176321e-04  3.43007788e-04]\n",
      "  [-9.48406796e-04  1.49487445e-03  1.91542748e-03  6.95557111e-03\n",
      "    2.01565999e-03  9.37328573e-03  4.63313646e-04  6.38498768e-04]\n",
      "  [-5.34773337e-04  5.34298553e-04 -1.45446650e-03  5.77961643e-05\n",
      "    4.45176321e-04  4.63313646e-04  7.31961873e-03 -6.38518636e-05]\n",
      "  [ 7.69152312e-04  6.57210911e-04  4.21228986e-04  6.41941634e-04\n",
      "    3.43007788e-04  6.38498768e-04 -6.38518636e-05  1.40305621e-03]]\n",
      "\n",
      " [[ 2.61178569e-03 -2.28052078e-03 -6.82979632e-04 -1.91546160e-03\n",
      "    1.02794663e-03 -1.15341209e-03  6.64127457e-04 -1.45037854e-05]\n",
      "  [-2.28052078e-03  1.55834910e-02  2.74857193e-03  3.67954923e-03\n",
      "    3.95781088e-03  5.47863740e-03  2.82213415e-03 -1.53312823e-03]\n",
      "  [-6.82979632e-04  2.74857193e-03  2.02070350e-02  6.37256628e-03\n",
      "   -1.49286140e-04  7.87703940e-03 -1.48675870e-03  2.26659407e-03]\n",
      "  [-1.91546160e-03  3.67954923e-03  6.37256628e-03  1.64030569e-02\n",
      "   -4.64216533e-03  1.71090362e-02  1.30571463e-03  5.43688457e-03]\n",
      "  [ 1.02794663e-03  3.95781088e-03 -1.49286140e-04 -4.64216533e-03\n",
      "    1.42837624e-02 -6.25415090e-04 -1.21943577e-02 -2.32549545e-03]\n",
      "  [-1.15341209e-03  5.47863740e-03  7.87703940e-03  1.71090362e-02\n",
      "   -6.25415090e-04  3.66938604e-02 -4.01041701e-03  4.96431006e-03]\n",
      "  [ 6.64127457e-04  2.82213415e-03 -1.48675870e-03  1.30571463e-03\n",
      "   -1.21943577e-02 -4.01041701e-03  5.41771626e-02  2.77420297e-03]\n",
      "  [-1.45037854e-05 -1.53312823e-03  2.26659407e-03  5.43688457e-03\n",
      "   -2.32549545e-03  4.96431006e-03  2.77420297e-03  6.19491990e-03]]\n",
      "\n",
      " [[ 4.23972738e-02  6.58401931e-04  2.72862092e-03  2.66819250e-03\n",
      "   -1.42686690e-73  2.57487388e-03  3.17137386e-03  2.26094533e-02]\n",
      "  [ 6.58401931e-04  3.16576964e-02  5.48740032e-03  1.99876743e-03\n",
      "   -2.08783921e-73  4.06228202e-03  3.70711238e-03  4.68831624e-03]\n",
      "  [ 2.72862092e-03  5.48740032e-03  8.97495923e-03  2.15525362e-03\n",
      "   -9.63287672e-74  3.24895577e-03  2.09014817e-03  8.44339895e-03]\n",
      "  [ 2.66819250e-03  1.99876743e-03  2.15525362e-03  7.54551622e-03\n",
      "   -1.45588608e-73  5.72894082e-03 -2.84357733e-04  5.05990880e-04]\n",
      "  [-1.42686690e-73 -2.08783921e-73 -9.63287672e-74 -1.45588608e-73\n",
      "    1.00000000e-06 -1.65061745e-73 -3.02538096e-74 -1.86902645e-73]\n",
      "  [ 2.57487388e-03  4.06228202e-03  3.24895577e-03  5.72894082e-03\n",
      "   -1.65061745e-73  9.01502584e-03  1.39685905e-03  1.90885004e-03]\n",
      "  [ 3.17137386e-03  3.70711238e-03  2.09014817e-03 -2.84357733e-04\n",
      "   -3.02538096e-74  1.39685905e-03  1.60548958e-02  3.32405037e-03]\n",
      "  [ 2.26094533e-02  4.68831624e-03  8.44339895e-03  5.05990880e-04\n",
      "   -1.86902645e-73  1.90885004e-03  3.32405037e-03  3.82197061e-02]]\n",
      "\n",
      " [[ 3.77036164e-02  4.05521068e-03  3.79115031e-03  0.00000000e+00\n",
      "    0.00000000e+00  1.47454342e-03 -9.63035209e-04  1.28260122e-02]\n",
      "  [ 4.05521068e-03  2.22847307e-02  3.38294702e-03  0.00000000e+00\n",
      "    0.00000000e+00  2.53623022e-03  1.29471808e-03  7.19623987e-03]\n",
      "  [ 3.79115031e-03  3.38294702e-03  1.19996143e-02  0.00000000e+00\n",
      "    0.00000000e+00  2.90012057e-03 -3.50107717e-05  3.31367201e-03]\n",
      "  [ 0.00000000e+00  0.00000000e+00  0.00000000e+00  1.00000000e-06\n",
      "    0.00000000e+00  0.00000000e+00  0.00000000e+00  0.00000000e+00]\n",
      "  [ 0.00000000e+00  0.00000000e+00  0.00000000e+00  0.00000000e+00\n",
      "    1.00000000e-06  0.00000000e+00  0.00000000e+00  0.00000000e+00]\n",
      "  [ 1.47454342e-03  2.53623022e-03  2.90012057e-03  0.00000000e+00\n",
      "    0.00000000e+00  1.23895474e-02  1.13516613e-03 -2.57315829e-03]\n",
      "  [-9.63035209e-04  1.29471808e-03 -3.50107717e-05  0.00000000e+00\n",
      "    0.00000000e+00  1.13516613e-03  1.44801687e-02  1.52720069e-03]\n",
      "  [ 1.28260122e-02  7.19623987e-03  3.31367201e-03  0.00000000e+00\n",
      "    0.00000000e+00 -2.57315829e-03  1.52720069e-03  4.96467670e-02]]\n",
      "\n",
      " [[ 3.78589501e-02 -1.77460482e-02  2.84011084e-03 -7.94773634e-03\n",
      "   -5.98303781e-03 -5.24420031e-04 -5.02253664e-03 -5.62226570e-03]\n",
      "  [-1.77460482e-02  2.80988147e-02 -2.17313895e-03  7.43536729e-03\n",
      "    6.82828985e-03  1.65231356e-03  2.20753208e-04  3.54343064e-03]\n",
      "  [ 2.84011084e-03 -2.17313895e-03  1.01824451e-02 -1.86303726e-03\n",
      "   -5.85347196e-03  2.38005060e-03 -1.75021239e-03 -1.35142620e-03]\n",
      "  [-7.94773634e-03  7.43536729e-03 -1.86303726e-03  2.34059119e-02\n",
      "   -8.89171065e-03  3.28742979e-03 -1.53561629e-03  2.93153440e-03]\n",
      "  [-5.98303781e-03  6.82828985e-03 -5.85347196e-03 -8.89171065e-03\n",
      "    4.13788984e-02 -2.08319303e-03 -3.33988993e-03 -4.38072385e-03]\n",
      "  [-5.24420031e-04  1.65231356e-03  2.38005060e-03  3.28742979e-03\n",
      "   -2.08319303e-03  8.00746611e-03  2.91971896e-03 -4.07306327e-03]\n",
      "  [-5.02253664e-03  2.20753208e-04 -1.75021239e-03 -1.53561629e-03\n",
      "   -3.33988993e-03  2.91971896e-03  1.77593868e-02  2.33977989e-03]\n",
      "  [-5.62226570e-03  3.54343064e-03 -1.35142620e-03  2.93153440e-03\n",
      "   -4.38072385e-03 -4.07306327e-03  2.33977989e-03  2.24698780e-02]]\n",
      "\n",
      " [[ 1.30256068e-02 -4.63520432e-03 -8.00774192e-04  4.37301998e-04\n",
      "   -4.25858932e-03 -3.41562892e-03 -1.06335434e-03  5.18639702e-03]\n",
      "  [-4.63520432e-03  1.30669657e-02 -2.21208972e-03 -4.98230998e-04\n",
      "    4.05089071e-03  4.67960518e-04  8.05429880e-03 -9.13371886e-04]\n",
      "  [-8.00774192e-04 -2.21208972e-03  8.38602445e-03  3.15944127e-03\n",
      "   -1.65029965e-03  2.93441103e-03  1.57227997e-03  5.57691664e-05]\n",
      "  [ 4.37301998e-04 -4.98230998e-04  3.15944127e-03  7.95823105e-03\n",
      "    2.82091567e-03  3.16939461e-03  6.58648577e-03  1.91862080e-03]\n",
      "  [-4.25858932e-03  4.05089071e-03 -1.65029965e-03  2.82091567e-03\n",
      "    3.43533184e-02  5.51920797e-03  1.16333549e-02 -1.37015182e-03]\n",
      "  [-3.41562892e-03  4.67960518e-04  2.93441103e-03  3.16939461e-03\n",
      "    5.51920797e-03  5.34618126e-03  9.99136231e-04 -8.19650186e-04]\n",
      "  [-1.06335434e-03  8.05429880e-03  1.57227997e-03  6.58648577e-03\n",
      "    1.16333549e-02  9.99136231e-04  3.95360189e-02  4.53502385e-04]\n",
      "  [ 5.18639702e-03 -9.13371886e-04  5.57691664e-05  1.91862080e-03\n",
      "   -1.37015182e-03 -8.19650186e-04  4.53502385e-04  5.08471148e-03]]\n",
      "\n",
      " [[ 4.57409998e-02 -1.52656771e-03  0.00000000e+00  4.21424027e-03\n",
      "    0.00000000e+00 -1.18764981e-03 -2.71983647e-03  9.12631185e-03]\n",
      "  [-1.52656771e-03  1.90811192e-02  0.00000000e+00 -5.53162922e-04\n",
      "    0.00000000e+00  1.75934161e-02  2.73672850e-03  7.28150697e-03]\n",
      "  [ 0.00000000e+00  0.00000000e+00  1.00000000e-06  0.00000000e+00\n",
      "    0.00000000e+00  0.00000000e+00  0.00000000e+00  0.00000000e+00]\n",
      "  [ 4.21424027e-03 -5.53162922e-04  0.00000000e+00  4.04134790e-03\n",
      "    0.00000000e+00  2.16852276e-03  1.89691637e-03  1.64141755e-03]\n",
      "  [ 0.00000000e+00  0.00000000e+00  0.00000000e+00  0.00000000e+00\n",
      "    1.00000000e-06  0.00000000e+00  0.00000000e+00  0.00000000e+00]\n",
      "  [-1.18764981e-03  1.75934161e-02  0.00000000e+00  2.16852276e-03\n",
      "    0.00000000e+00  4.88911944e-02  8.66399703e-03  1.33284387e-02]\n",
      "  [-2.71983647e-03  2.73672850e-03  0.00000000e+00  1.89691637e-03\n",
      "    0.00000000e+00  8.66399703e-03  1.07019322e-02  3.32137118e-03]\n",
      "  [ 9.12631185e-03  7.28150697e-03  0.00000000e+00  1.64141755e-03\n",
      "    0.00000000e+00  1.33284387e-02  3.32137118e-03  1.24560562e-02]]\n",
      "\n",
      " [[ 3.68245264e-02  1.02206618e-02  6.01272776e-03  4.52754567e-03\n",
      "    1.37417853e-03  3.12742268e-03  1.41142649e-03  1.59311635e-02]\n",
      "  [ 1.02206618e-02  1.75589139e-02  3.37797473e-03  1.14371309e-03\n",
      "    4.32919784e-03  1.16838644e-03  2.10761255e-03  5.61219859e-03]\n",
      "  [ 6.01272776e-03  3.37797473e-03  6.29920070e-03  1.28094794e-03\n",
      "    2.13262715e-04  1.85052966e-03 -8.48161096e-04  4.11932733e-03]\n",
      "  [ 4.52754567e-03  1.14371309e-03  1.28094794e-03  7.03521272e-03\n",
      "    5.86796787e-04  3.81765973e-03 -6.44404457e-04  3.33980314e-04]\n",
      "  [ 1.37417853e-03  4.32919784e-03  2.13262715e-04  5.86796787e-04\n",
      "    3.63171581e-03  1.02170437e-03  1.36081980e-03  1.68834588e-03]\n",
      "  [ 3.12742268e-03  1.16838644e-03  1.85052966e-03  3.81765973e-03\n",
      "    1.02170437e-03  6.52298549e-03 -1.67260900e-04  8.03835276e-04]\n",
      "  [ 1.41142649e-03  2.10761255e-03 -8.48161096e-04 -6.44404457e-04\n",
      "    1.36081980e-03 -1.67260900e-04  1.59110339e-02  1.08688016e-03]\n",
      "  [ 1.59311635e-02  5.61219859e-03  4.11932733e-03  3.33980314e-04\n",
      "    1.68834588e-03  8.03835276e-04  1.08688016e-03  1.93835248e-02]]\n",
      "\n",
      " [[ 5.72197529e-03  2.34400020e-04 -2.27727606e-03 -3.66305101e-03\n",
      "    2.26756679e-04 -1.74309179e-03  1.02103351e-03 -4.05769738e-03]\n",
      "  [ 2.34400020e-04  2.11328806e-02 -4.86145590e-03  7.87347345e-04\n",
      "    3.92390272e-04  1.77083838e-03 -4.73059201e-04 -2.09148428e-03]\n",
      "  [-2.27727606e-03 -4.86145590e-03  8.14897706e-03  1.28605310e-04\n",
      "   -1.84228185e-03  1.34245578e-03 -7.15588035e-04  1.10370751e-03]\n",
      "  [-3.66305101e-03  7.87347345e-04  1.28605310e-04  6.72190641e-03\n",
      "    8.66176697e-04  4.13214722e-03 -1.31833486e-03  6.09518693e-03]\n",
      "  [ 2.26756679e-04  3.92390272e-04 -1.84228185e-03  8.66176697e-04\n",
      "    2.63387915e-03  1.59838524e-03  8.22577515e-04  1.82144395e-03]\n",
      "  [-1.74309179e-03  1.77083838e-03  1.34245578e-03  4.13214722e-03\n",
      "    1.59838524e-03  5.56416843e-03 -1.55223357e-04  3.74565533e-03]\n",
      "  [ 1.02103351e-03 -4.73059201e-04 -7.15588035e-04 -1.31833486e-03\n",
      "    8.22577515e-04 -1.55223357e-04  1.95060263e-03 -1.34501288e-03]\n",
      "  [-4.05769738e-03 -2.09148428e-03  1.10370751e-03  6.09518693e-03\n",
      "    1.82144395e-03  3.74565533e-03 -1.34501288e-03  8.17395157e-03]]]\n"
     ]
    }
   ],
   "source": [
    "gm = GaussianMixture(n_components=9,\n",
    "                     covariance_type='full',\n",
    "                     random_state=0).fit(X_std)\n",
    "print('means: \\n', gm.means_)\n",
    "print('covariances: \\n ', gm.covariances_)"
   ]
  },
  {
   "cell_type": "code",
   "execution_count": 66,
   "metadata": {},
   "outputs": [
    {
     "data": {
      "text/plain": [
       "<matplotlib.legend.Legend at 0x1520b7d8f20>"
      ]
     },
     "execution_count": 66,
     "metadata": {},
     "output_type": "execute_result"
    },
    {
     "data": {
